$ANSIBLE_VAULT;1.1;AES256
39306337616262366231383766623164613637636662343937326362613637643438666435363261
3935656331306535333266303963626131346337383038630a316465643766313438313662663737
34383965363562613436393032356638373338383737623466303564616161613666396564303936
6632646331353734620a656263663230396238663964643735353265346539346364333563323063
66333933313836383662313938386462626365336339643537616634666530626538306563386465
30333638636165303839353433616634336366393562333030353034303830636532343838623535
36646638316162333133306136363464346664323039656165666332666562323238646339653539
65323835613931386462623337386662636464303564396139363632616538626337663133376462
33353362633431336361383666663664386234303163633633346665386437376366623936633334
61653035333630336432306362336161663639313031666366393130313563303235396331623233
37643631313434393430363435303539366536396336373565616531366431653237316264363233
61653437323637363166663536653931643532353964386261326237666534363338623061353830
33336565323764613633353230666437613331383232353732666461343435633166643266333633
37653961383639653361636333346434343866333462623831353630386266333230393966306462
31656664306336393564363935633962363238663239316261383330623135373763633134346235
63303165313862623537356564393966353061613662643062613532643061663733663663303734
61313432626239643061343366313861373038386132333266316334336162313266663237656462
36323436393036363861653162373836623762353737376633646235336461333037373036343764
62336634353137326230323633643163613062663434376333376365323537346232396161623133
65663230393639616131633935663739633135346438333137386436306461343865313937373961
66333238393130643666316230383231616539613432333165373034313237313538613538663332
64656562653663306361653835626265393135306466343064626333613037363963356132653738
37346134386231386335616162613830396662383066353039323265396663646263396266626637
61393564333361653066
