$ANSIBLE_VAULT;1.1;AES256
39666130616364356662376133393531613461656532383964613730656364343062326533333163
3336623037643834366631313639336231633266376330380a316139336666626466626462383465
38303833386666393464366663646630636131336331306464373333383632326261373665666463
3766623530393761610a303561616639336231613339663037633461343763633065613064643838
30623034636536663262653462346665663134613738643566346637343964646332326132303330
31316164356433633336353064623736393664366164326339303539613930636265633331613336
66366234633861393134663663333164363365306236666664323533313362323462633239616331
65633661626336643761306630656132303261396661363764353930666464646433366264333331
65303531316266653432373462313836616537303434633663623838653632633333343961633339
36393966323034343534356535393864663333356235623231626266326565376131376662623531
35393066643236636661626237343162363737393038666437636137336661633566353432316434
33393634363230623462376161376464623331336466653231373261343866616138313433363964
37393366306533306264313265666466616439306232646161666236623737333363303638626437
31306632663464303063633730663165616536346362353866366539386166666633333465376265
34393561623133333932313961316365313366316138316134393236623132343964373564343264
37383062616335646433346163313033623239653830616466323363616335353632623536353937
63353362663765353565303261623766626265663132656632323335323466306335663738313666
62363732626462623364386261646263636334373030363935343633303862633531363138653932
35666361376435373330656437613436373666656534626531643164396432376635313434333030
66613063363533613635343138303536616362613631346462326434393761303661623063663732
66363839343262306661326663613964633133653536613239346634313962313335633730346363
32633730363734663637623266636363643363363361373338613365393333383031613433356633
34646361663638383831633362333063386431316537653639306134353735313766646237626330
35666130303233396133386536613730633933333163643037643138346234656539656333396463
3631
